Multires data file
depth 1
Vertices
2 4.8e-005 0.007782 -0.03121
2 0.002803 0.00586 -0.030714
2 -0.002512 -0.002822 -0.029042
2 -0.005737 0.007325 -0.033136
2 -0.004838 0.012448 -0.029234
2 0.001249 0.015993 -0.02622
2 0.005701 0.009106 -0.028047
2 0.010821 0.006767 -0.02661
2 0.004004 -0.000233 -0.030573
2 0.004429 -0.003253 -0.028235
2 -1.6e-005 -0.007282 -0.022382
2 -0.007133 -0.003961 -0.024362
2 -0.011336 0.001868 -0.024264
2 -0.008127 0.008655 -0.029014
2 -0.008929 0.014688 -0.023059
2 0.001353 0.021372 -0.021733
2 0.010224 0.015524 -0.022935
2 0.014734 0.011679 -0.020437
2 0.017683 0.006286 -0.022894
2 0.01494 0.002914 -0.025377
2 0.011204 -0.003232 -0.024163
2 0.006836 -0.006904 -0.022091
2 0.003682 -0.008829 -0.015251
2 -0.003572 -0.008627 -0.017394
2 -0.008064 -0.007488 -0.017314
2 -0.013312 0.000851 -0.020317
2 -0.012055 0.007712 -0.022213
2 -0.010078 0.01393 -0.016093
2 -0.00412 0.01884 -0.01374
2 0.000297 0.02007 -0.014127
2 0.005074 0.020214 -0.014236
2 0.008114 0.021928 -0.015983
2 0.011261 0.021378 -0.019192
2 0.015714 0.017644 -0.017599
2 0.010873 0.017816 -0.013522
2 0.016742 0.009078 -0.016215
2 0.019476 0.00836 -0.015472
2 0.016961 0.004245 -0.015058
2 0.01639 0.000205 -0.019741
2 0.014982 -0.00199 -0.016111
2 0.009785 -0.005411 -0.011156
2 0.005533 -0.008758 -0.005791
2 6e-005 -0.009647 -0.010784
2 -0.007725 -0.00976 -0.00816
2 -0.013493 -0.001808 -0.012405
2 -0.013821 0.005973 -0.016982
2 -0.010314 0.010848 -0.01106
2 -0.004484 0.015313 -0.00875
2 0.003839 0.01781 -0.007157
2 0.008277 0.012295 -0.006285
2 0.011782 0.009686 -0.008741
2 0.014625 0.00732 -0.013437
2 0.014673 0.00374 -0.012045
2 0.012899 -0.001108 -0.010885
2 0.008528 -0.00266 -0.005489
2 0.005198 -0.005363 0.004125
2 0.003678 -0.012047 0.001364
2 -0.001967 -0.013392 -0.001966
2 -0.006331 -0.012082 -0.004611
2 -0.012049 -0.009161 0.000524
2 -0.014184 -0.003646 -0.003455
2 -0.013712 0.00247 -0.007458
2 -0.011014 0.008135 -0.00466
2 -0.005436 0.01175 0.001199
2 0.002862 0.011889 -0.00091
2 0.009838 0.010626 -0.002581
2 0.011229 -0.000338 0.002559
2 0.006436 -0.000459 0.004442
2 4.6e-005 0.002139 0.008467
2 0.001715 -0.006839 0.012751
2 -0.003096 -0.012582 0.006515
2 -0.010014 -0.01251 0.007378
2 -0.014393 -0.006605 0.005816
2 -0.015191 0.00086 0.002074
2 -0.01097 0.008942 0.002395
2 -0.005998 0.005585 0.009083
2 -0.001084 0.011247 0.005894
2 0.005422 0.010718 0.004648
2 0.007856 0.005613 0.002703
2 -0.002753 0.001963 0.012476
2 0.000995 -0.000838 0.018051
2 -0.000324 -0.006918 0.023907
2 -0.00401 -0.013639 0.020326
2 -0.001941 -0.013014 0.012226
2 -0.004706 -0.015342 0.01517
2 -0.013266 -0.014868 0.012763
2 -0.016286 -0.006032 0.010545
2 -0.014762 -0.002907 0.006899
2 -0.011233 0.00419 0.007485
2 -0.013093 0.000237 0.014286
2 -0.007848 0.000829 0.019236
2 -0.008166 -0.00771 0.024638
2 -0.008599 -0.015952 0.020539
2 -0.015898 -0.020353 0.019205
2 -0.018543 -0.013057 0.018548
2 -0.016712 -0.010272 0.014375
2 -0.019312 -0.008009 0.019831
2 -0.01087 -0.001568 0.020869
2 -0.01411 -0.008187 0.025509
2 -0.013279 -0.012264 0.023651
2 -0.014719 -0.018115 0.024556
2 -0.019171 -0.022163 0.025756
2 -0.022055 -0.012575 0.02521
2 -0.019161 -0.005101 0.026204
2 -0.017672 -0.00956 0.028792
2 -0.018597 -0.015036 0.033222
2 -0.01868 -0.021723 0.028521
1 -0.005483 0.001597 -0.032752

1 -0.002742 0.007154 -0.032473

1 -0.000796 0.00293 -0.03301

1 -0.005139 0.009935 -0.03141

1 -0.002272 0.010749 -0.030668

1 -0.002331 0.013905 -0.027915

1 0.00067 0.011878 -0.029021

1 0.003894 0.012489 -0.027367

1 0.002747 0.008945 -0.029441

1 0.004476 0.007439 -0.029294

1 0.001608 0.006128 -0.03111

1 0.001004 0.001521 -0.032435

1 0.007957 0.008558 -0.027404

1 0.006469 0.005888 -0.028914

1 0.007786 0.002793 -0.029141

1 0.003879 0.002685 -0.031107

1 0.001435 -0.001479 -0.030628

1 0.00436 -0.002243 -0.029201

1 0.0012 -0.003605 -0.028578

1 0.002227 -0.00555 -0.025597

1 -0.001336 -0.005105 -0.025995

1 -0.003624 -0.006149 -0.023614

1 -0.00523 -0.003584 -0.026319

1 -0.009506 -0.001417 -0.024852

1 -0.007404 -0.000489 -0.027629

1 -0.00903 0.003844 -0.029574

1 -0.00975 0.00572 -0.026958

1 -0.008088 0.008288 -0.030865

1 -0.006874 0.010892 -0.029167

1 -0.008912 0.011556 -0.026267

1 -0.006576 0.013809 -0.026916

1 -0.00366 0.016157 -0.025118

1 -0.003837 0.018903 -0.022323

1 0.001133 0.018717 -0.024685

1 0.006129 0.019092 -0.023217

1 0.005511 0.016007 -0.02525

1 0.007684 0.012266 -0.025989

1 0.010573 0.011104 -0.024861

1 0.012973 0.013579 -0.022075

1 0.013383 0.009862 -0.02382

1 0.016361 0.009426 -0.022244

1 0.014463 0.006732 -0.024518

1 0.016241 0.004308 -0.02441

1 0.013444 0.004181 -0.026053

1 0.013824 6e-005 -0.025311

1 0.011683 0.00132 -0.027523

1 0.008068 -0.0014 -0.028171

1 0.007501 -0.003616 -0.026517

1 0.009467 -0.00513 -0.023188

1 0.005711 -0.005405 -0.025022

1 0.003566 -0.00735 -0.022363

1 0.005427 -0.008454 -0.018414

1 0.001807 -0.00846 -0.019113

1 4.6e-005 -0.008863 -0.016414

1 -0.001839 -0.008133 -0.020057

1 -0.005285 -0.007082 -0.020966

1 -0.006273 -0.008296 -0.017315

1 -0.008191 -0.006017 -0.020811

1 -0.011564 -0.003973 -0.019153

1 -0.010883 -0.002392 -0.022522

1 -0.012287 0.001304 -0.02279

1 -0.013117 0.004251 -0.021312

1 -0.011795 0.004815 -0.023683

1 -0.01039 0.008283 -0.025402

1 -0.010798 0.011427 -0.022816

1 -0.01182 0.011037 -0.019427

1 -0.009874 0.014606 -0.019299

1 -0.007487 0.016656 -0.015015

1 -0.00667 0.017724 -0.018517

1 -0.002226 0.020021 -0.017886

1 -0.00198 0.0197 -0.014061

1 0.000701 0.020491 -0.017127

1 0.002665 0.020171 -0.014191

1 0.003413 0.020947 -0.017363

1 0.006546 0.020792 -0.015561

1 0.005454 0.022176 -0.018441

1 0.009201 0.022662 -0.017616

1 0.007083 0.021813 -0.020775

1 0.010478 0.018903 -0.021049

1 0.013819 0.019814 -0.018754

1 0.013119 0.016696 -0.020647

1 0.014006 0.014876 -0.018842

1 0.015184 0.018096 -0.014551

1 0.013451 0.014391 -0.016847

1 0.013506 0.012231 -0.015374

1 0.015487 0.010783 -0.018175

1 0.019021 0.010508 -0.019897

1 0.018211 0.009161 -0.015835

1 0.021899 0.008705 -0.019083

1 0.01902 0.006256 -0.015652

1 0.021069 0.003448 -0.018492

1 0.017409 0.001738 -0.017662

1 0.018846 0.002508 -0.021781

1 0.01625 0.000829 -0.023382

1 0.014407 -0.001442 -0.021885

1 0.015712 -0.000842 -0.018293

1 0.01315 -0.003167 -0.020375

1 0.011382 -0.005228 -0.018917

1 0.012556 -0.004511 -0.014027

1 0.009147 -0.007151 -0.016449

1 0.006931 -0.007947 -0.013267

1 0.006778 -0.006249 -0.008981

1 0.004531 -0.008668 -0.010594

1 0.002441 -0.009592 -0.008391

1 0.001638 -0.008864 -0.012713

1 -0.001783 -0.009456 -0.013674

1 -0.004122 -0.010503 -0.00997

1 -0.005347 -0.009487 -0.01315

1 -0.008147 -0.008087 -0.013223

1 -0.010769 -0.005862 -0.010436

1 -0.011476 -0.005228 -0.014854

1 -0.013853 -0.000939 -0.01669

1 -0.014331 0.001956 -0.014554

1 -0.01407 0.003321 -0.018485

1 -0.01316 0.007094 -0.019425

1 -0.012376 0.010117 -0.016543

1 -0.012684 0.008719 -0.013453

1 -0.010195 0.012146 -0.013362

1 -0.007859 0.012426 -0.010141

1 -0.007683 0.014982 -0.012225

1 -0.004896 0.017791 -0.01162

1 -0.002109 0.018857 -0.01075

1 -0.00016 0.016977 -0.007409

1 0.0016 0.019401 -0.01055

1 0.00473 0.019679 -0.011104

1 0.00765 0.018226 -0.009799

1 0.007671 0.019623 -0.01317

1 0.009393 0.020664 -0.014541

1 0.012883 0.021793 -0.014934

1 0.006697 0.015664 -0.006058

1 0.009646 0.015058 -0.009111

1 0.009853 0.011416 -0.007696

1 0.010724 0.012574 -0.011182

1 0.013018 0.008924 -0.011449

1 0.012925 0.01174 -0.013159

1 0.015112 0.008549 -0.014851

1 0.015984 0.006 -0.014019

1 0.016783 0.006895 -0.015496

1 0.014484 0.005785 -0.012663

1 0.016102 0.003729 -0.013444

1 0.015671 0.000753 -0.013355

1 0.016472 0.001024 -0.015379

1 0.013621 0.000539 -0.011157

1 0.014221 -0.001817 -0.012748

1 0.011607 -0.003193 -0.010856

1 0.010561 -0.00146 -0.009232

1 0.008505 -0.003677 -0.008724

1 0.007144 -0.0057 -0.005142

1 0.010225 -0.005786 -0.000421

1 0.008202 -0.009111 -0.00051

1 0.004622 -0.009699 0.003096

1 0.005251 -0.011503 -0.001802

1 0.001404 -0.013805 -0.000194

1 0.002323 -0.012108 -0.004363

1 -0.000746 -0.011809 -0.00634

1 -0.004657 -0.01279 -0.00378

1 -0.00357 -0.011561 -0.007369

1 -0.007086 -0.011178 -0.006365

1 -0.008625 -0.011335 -0.002734

1 -0.010355 -0.009553 -0.00402

1 -0.013296 -0.007068 -0.001538

1 -0.011814 -0.006871 -0.006027

1 -0.012958 -0.002796 -0.007873

1 -0.014069 -0.00055 -0.005382

1 -0.013951 0.000434 -0.010013

1 -0.014067 0.004455 -0.012052

1 -0.012807 0.007093 -0.009479

1 -0.012883 0.005646 -0.005761

1 -0.010389 0.009294 -0.007944

1 -0.007319 0.010874 -0.006789

1 -0.007989 0.010066 -0.002014

1 -0.004321 0.011581 -0.003913

1 -0.001549 0.012017 -0.000183

1 -0.000565 0.013538 -0.004888

1 0.002965 0.014383 -0.004882

1 0.005771 0.01224 -0.003936

1 0.006553 0.011649 -0.001477

1 0.008436 0.011178 -0.004473

1 0.01049 0.008949 -0.005483

1 0.011831 0.00353 -0.003146

1 0.010762 0.004074 -0.007053

1 0.011238 0.001006 -0.00923

1 0.012521 0.005764 -0.010538

1 0.010062 0.004068 -0.000677

1 0.012449 -0.001541 -0.001308

1 0.009112 -0.003292 0.003465

1 0.008316 -0.000319 0.003445

1 0.005931 -0.002121 0.00466

1 0.004375 0.000868 0.006355

1 0.003638 -0.001623 0.006989

1 0.002052 -0.001639 0.010681

1 0.00177 -0.005732 0.007921

1 -0.000864 -0.009409 0.009658

1 0.001031 -0.008952 0.004971

1 0.000674 -0.011941 0.003461

1 -0.002927 -0.012891 0.002055

1 -0.007481 -0.011969 0.003306

1 -0.006914 -0.012382 -0.000507

1 -0.006652 -0.012505 0.006754

1 -0.01072 -0.010866 0.004346

1 -0.013079 -0.009604 0.006117

1 -0.01333 -0.008113 0.002896

1 -0.014442 -0.005038 0.001173

1 -0.014813 -0.002978 0.003517

1 -0.01488 -0.001556 -0.000771

1 -0.014751 0.001941 -0.003057

1 -0.013946 0.005307 -0.001605

1 -0.013818 0.0058 0.002288

1 -0.011349 0.008586 -0.000625

1 -0.008734 0.010601 0.002092

1 -0.009288 0.00856 0.00657

1 -0.00643 0.010412 0.006025

1 -0.003421 0.008702 0.007788

1 -0.003141 0.0121 0.003998

1 0.00076 0.012264 0.002704

1 0.002202 0.010964 0.005575

1 0.004273 0.011899 0.001948

1 0.008362 0.011049 0.002038

1 0.007142 0.007591 0.005041

1 0.010821 0.007187 0.001438

1 0.008846 0.00288 0.001912

1 0.006734 0.002259 0.003827

1 0.004188 0.004006 0.004993

1 0.002853 0.00682 0.00621

1 -0.000437 0.00716 0.00747

1 -0.002712 0.004532 0.009033

1 -0.004773 0.003462 0.011085

1 -0.001125 0.001898 0.01081

1 0.000969 -0.00114 0.01306

1 -0.001032 0.00026 0.015474

1 0.002608 -0.002939 0.015797

1 0.001962 -0.002669 0.021326

1 0.003363 -0.00769 0.019299

1 -0.001531 -0.010599 0.022255

1 0.000741 -0.011521 0.017204

1 -0.001621 -0.013878 0.015864

1 8.9e-005 -0.011138 0.012405

1 -0.003025 -0.012391 0.00955

1 -0.00543 -0.013649 0.009883

1 -0.003719 -0.014667 0.013566

1 -0.00735 -0.014844 0.011306

1 -0.008948 -0.016254 0.013669

1 -0.011669 -0.013683 0.010224

1 -0.015214 -0.010914 0.01119

1 -0.014051 -0.010128 0.008601

1 -0.015091 -0.00673 0.007834

1 -0.015512 -0.004109 0.008923

1 -0.014728 -0.004316 0.006369

1 -0.014707 -0.001029 0.004973

1 -0.013699 0.000821 0.007549

1 -0.013878 0.00294 0.005141

1 -0.011664 0.006345 0.005448

1 -0.009542 0.005153 0.008651

1 -0.011765 0.001943 0.010223

1 -0.00916 0.003287 0.011475

1 -0.007787 0.002619 0.014004

1 -0.009996 0.001202 0.017004

1 -0.005265 0.002115 0.016207

1 -0.002803 0.000417 0.019097

1 -0.00383 -0.002834 0.022197

1 -0.007489 -0.00299 0.022939

1 -0.004462 -0.00701 0.024605

1 -0.005555 -0.011322 0.023373

1 -0.008342 -0.012299 0.023008

1 -0.006108 -0.014574 0.020715

1 -0.006855 -0.015969 0.017626

1 -0.004418 -0.014675 0.017504

1 -0.010177 -0.017607 0.016533

1 -0.011916 -0.019056 0.019659

1 -0.014643 -0.017588 0.016155

1 -0.017936 -0.017458 0.01815

1 -0.016601 -0.014407 0.015426

1 -0.017226 -0.01158 0.016468

1 -0.015992 -0.012158 0.013431

1 -0.016833 -0.008914 0.013071

1 -0.017929 -0.009252 0.016566

1 -0.017583 -0.00654 0.014904

1 -0.016439 -0.003484 0.016578

1 -0.016008 -0.002973 0.012467

1 -0.014565 -0.001011 0.010229

1 -0.015839 -0.003387 0.020115

1 -0.012757 -0.00039 0.018243

1 -0.009669 -0.000848 0.02012

1 -0.009834 -0.003916 0.023522

1 -0.012653 -0.005318 0.023553

1 -0.011475 -0.007716 0.02403

1 -0.013278 -0.009828 0.024933

1 -0.010975 -0.010356 0.023526

1 -0.010872 -0.01411 0.022721

1 -0.012935 -0.014895 0.024924

1 -0.011903 -0.017029 0.022632

1 -0.014618 -0.019591 0.022146

1 -0.01672 -0.020768 0.02486

1 -0.018095 -0.021375 0.021453

1 -0.020733 -0.017684 0.021562

1 -0.022005 -0.017833 0.024754

1 -0.020186 -0.013353 0.022054

1 -0.021067 -0.009962 0.022212

1 -0.019064 -0.010712 0.019296

1 -0.021946 -0.008836 0.026419

1 -0.019635 -0.005928 0.022712

1 -0.015239 -0.003699 0.023581

1 -0.016262 -0.006342 0.025686

1 -0.017755 -0.007724 0.028331

1 -0.015896 -0.008855 0.026809

1 -0.01403 -0.011218 0.026909

1 -0.014829 -0.013636 0.027964

1 -0.017217 -0.011753 0.031095

1 -0.016754 -0.016168 0.028907

1 -0.01889 -0.018928 0.03117

1 -0.01717 -0.019626 0.027087

1 -0.019405 -0.022565 0.027066

1 -0.021999 -0.018131 0.027967

1 -0.022197 -0.013839 0.029644

1 -0.020646 -0.008713 0.031211

Triangles
name: 0   1   0 2 3 
name: 0   0   107 108 109 
name: 1   0   0 108 109 
name: 2   0   107 2 109 
name: 3   0   107 108 3 
name: 0   1   0 3 4 
name: 0   0   110 111 108 
name: 1   0   0 111 108 
name: 2   0   110 3 108 
name: 3   0   110 111 4 
name: 0   1   0 4 5 
name: 0   0   112 113 111 
name: 1   0   0 113 111 
name: 2   0   112 4 111 
name: 3   0   112 113 5 
name: 0   1   0 5 6 
name: 0   0   114 115 113 
name: 1   0   0 115 113 
name: 2   0   114 5 113 
name: 3   0   114 115 6 
name: 0   1   0 6 1 
name: 0   0   116 117 115 
name: 1   0   0 117 115 
name: 2   0   116 6 115 
name: 3   0   116 117 1 
name: 0   1   0 1 2 
name: 0   0   118 109 117 
name: 1   0   0 109 117 
name: 2   0   118 1 117 
name: 3   0   118 109 2 
name: 0   1   1 6 7 
name: 0   0   119 120 116 
name: 1   0   1 120 116 
name: 2   0   119 6 116 
name: 3   0   119 120 7 
name: 0   1   1 7 8 
name: 0   0   121 122 120 
name: 1   0   1 122 120 
name: 2   0   121 7 120 
name: 3   0   121 122 8 
name: 0   1   1 8 2 
name: 0   0   123 118 122 
name: 1   0   1 118 122 
name: 2   0   123 8 122 
name: 3   0   123 118 2 
name: 0   1   2 8 9 
name: 0   0   124 125 123 
name: 1   0   2 125 123 
name: 2   0   124 8 123 
name: 3   0   124 125 9 
name: 0   1   2 9 10 
name: 0   0   126 127 125 
name: 1   0   2 127 125 
name: 2   0   126 9 125 
name: 3   0   126 127 10 
name: 0   1   2 10 11 
name: 0   0   128 129 127 
name: 1   0   2 129 127 
name: 2   0   128 10 127 
name: 3   0   128 129 11 
name: 0   1   2 11 12 
name: 0   0   130 131 129 
name: 1   0   2 131 129 
name: 2   0   130 11 129 
name: 3   0   130 131 12 
name: 0   1   2 12 3 
name: 0   0   132 107 131 
name: 1   0   2 107 131 
name: 2   0   132 12 131 
name: 3   0   132 107 3 
name: 0   1   3 12 13 
name: 0   0   133 134 132 
name: 1   0   3 134 132 
name: 2   0   133 12 132 
name: 3   0   133 134 13 
name: 0   1   3 13 4 
name: 0   0   135 110 134 
name: 1   0   3 110 134 
name: 2   0   135 13 134 
name: 3   0   135 110 4 
name: 0   1   4 13 14 
name: 0   0   136 137 135 
name: 1   0   4 137 135 
name: 2   0   136 13 135 
name: 3   0   136 137 14 
name: 0   1   4 14 5 
name: 0   0   138 112 137 
name: 1   0   4 112 137 
name: 2   0   138 14 137 
name: 3   0   138 112 5 
name: 0   1   5 14 15 
name: 0   0   139 140 138 
name: 1   0   5 140 138 
name: 2   0   139 14 138 
name: 3   0   139 140 15 
name: 0   1   5 15 16 
name: 0   0   141 142 140 
name: 1   0   5 142 140 
name: 2   0   141 15 140 
name: 3   0   141 142 16 
name: 0   1   5 16 6 
name: 0   0   143 114 142 
name: 1   0   5 114 142 
name: 2   0   143 16 142 
name: 3   0   143 114 6 
name: 0   1   6 16 7 
name: 0   0   144 119 143 
name: 1   0   6 119 143 
name: 2   0   144 16 143 
name: 3   0   144 119 7 
name: 0   1   7 16 17 
name: 0   0   145 146 144 
name: 1   0   7 146 144 
name: 2   0   145 16 144 
name: 3   0   145 146 17 
name: 0   1   7 17 18 
name: 0   0   147 148 146 
name: 1   0   7 148 146 
name: 2   0   147 17 146 
name: 3   0   147 148 18 
name: 0   1   7 18 19 
name: 0   0   149 150 148 
name: 1   0   7 150 148 
name: 2   0   149 18 148 
name: 3   0   149 150 19 
name: 0   1   7 19 20 
name: 0   0   151 152 150 
name: 1   0   7 152 150 
name: 2   0   151 19 150 
name: 3   0   151 152 20 
name: 0   1   7 20 8 
name: 0   0   153 121 152 
name: 1   0   7 121 152 
name: 2   0   153 20 152 
name: 3   0   153 121 8 
name: 0   1   8 20 9 
name: 0   0   154 124 153 
name: 1   0   8 124 153 
name: 2   0   154 20 153 
name: 3   0   154 124 9 
name: 0   1   9 20 21 
name: 0   0   155 156 154 
name: 1   0   9 156 154 
name: 2   0   155 20 154 
name: 3   0   155 156 21 
name: 0   1   9 21 10 
name: 0   0   157 126 156 
name: 1   0   9 126 156 
name: 2   0   157 21 156 
name: 3   0   157 126 10 
name: 0   1   10 21 22 
name: 0   0   158 159 157 
name: 1   0   10 159 157 
name: 2   0   158 21 157 
name: 3   0   158 159 22 
name: 0   1   10 22 23 
name: 0   0   160 161 159 
name: 1   0   10 161 159 
name: 2   0   160 22 159 
name: 3   0   160 161 23 
name: 0   1   10 23 11 
name: 0   0   162 128 161 
name: 1   0   10 128 161 
name: 2   0   162 23 161 
name: 3   0   162 128 11 
name: 0   1   11 23 24 
name: 0   0   163 164 162 
name: 1   0   11 164 162 
name: 2   0   163 23 162 
name: 3   0   163 164 24 
name: 0   1   11 24 25 
name: 0   0   165 166 164 
name: 1   0   11 166 164 
name: 2   0   165 24 164 
name: 3   0   165 166 25 
name: 0   1   11 25 12 
name: 0   0   167 130 166 
name: 1   0   11 130 166 
name: 2   0   167 25 166 
name: 3   0   167 130 12 
name: 0   1   12 25 26 
name: 0   0   168 169 167 
name: 1   0   12 169 167 
name: 2   0   168 25 167 
name: 3   0   168 169 26 
name: 0   1   12 26 13 
name: 0   0   170 133 169 
name: 1   0   12 133 169 
name: 2   0   170 26 169 
name: 3   0   170 133 13 
name: 0   1   13 26 14 
name: 0   0   171 136 170 
name: 1   0   13 136 170 
name: 2   0   171 26 170 
name: 3   0   171 136 14 
name: 0   1   14 26 27 
name: 0   0   172 173 171 
name: 1   0   14 173 171 
name: 2   0   172 26 171 
name: 3   0   172 173 27 
name: 0   1   14 27 28 
name: 0   0   174 175 173 
name: 1   0   14 175 173 
name: 2   0   174 27 173 
name: 3   0   174 175 28 
name: 0   1   14 28 15 
name: 0   0   176 139 175 
name: 1   0   14 139 175 
name: 2   0   176 28 175 
name: 3   0   176 139 15 
name: 0   1   15 28 29 
name: 0   0   177 178 176 
name: 1   0   15 178 176 
name: 2   0   177 28 176 
name: 3   0   177 178 29 
name: 0   1   15 29 30 
name: 0   0   179 180 178 
name: 1   0   15 180 178 
name: 2   0   179 29 178 
name: 3   0   179 180 30 
name: 0   1   15 30 31 
name: 0   0   181 182 180 
name: 1   0   15 182 180 
name: 2   0   181 30 180 
name: 3   0   181 182 31 
name: 0   1   15 31 32 
name: 0   0   183 184 182 
name: 1   0   15 184 182 
name: 2   0   183 31 182 
name: 3   0   183 184 32 
name: 0   1   15 32 16 
name: 0   0   185 141 184 
name: 1   0   15 141 184 
name: 2   0   185 32 184 
name: 3   0   185 141 16 
name: 0   1   16 32 33 
name: 0   0   186 187 185 
name: 1   0   16 187 185 
name: 2   0   186 32 185 
name: 3   0   186 187 33 
name: 0   1   16 33 17 
name: 0   0   188 145 187 
name: 1   0   16 145 187 
name: 2   0   188 33 187 
name: 3   0   188 145 17 
name: 0   1   17 33 34 
name: 0   0   189 190 188 
name: 1   0   17 190 188 
name: 2   0   189 33 188 
name: 3   0   189 190 34 
name: 0   1   17 34 35 
name: 0   0   191 192 190 
name: 1   0   17 192 190 
name: 2   0   191 34 190 
name: 3   0   191 192 35 
name: 0   1   17 35 18 
name: 0   0   193 147 192 
name: 1   0   17 147 192 
name: 2   0   193 35 192 
name: 3   0   193 147 18 
name: 0   1   18 35 36 
name: 0   0   194 195 193 
name: 1   0   18 195 193 
name: 2   0   194 35 193 
name: 3   0   194 195 36 
name: 0   1   18 36 37 
name: 0   0   196 197 195 
name: 1   0   18 197 195 
name: 2   0   196 36 195 
name: 3   0   196 197 37 
name: 0   1   18 37 38 
name: 0   0   198 199 197 
name: 1   0   18 199 197 
name: 2   0   198 37 197 
name: 3   0   198 199 38 
name: 0   1   18 38 19 
name: 0   0   200 149 199 
name: 1   0   18 149 199 
name: 2   0   200 38 199 
name: 3   0   200 149 19 
name: 0   1   19 38 20 
name: 0   0   201 151 200 
name: 1   0   19 151 200 
name: 2   0   201 38 200 
name: 3   0   201 151 20 
name: 0   1   20 38 39 
name: 0   0   202 203 201 
name: 1   0   20 203 201 
name: 2   0   202 38 201 
name: 3   0   202 203 39 
name: 0   1   20 39 21 
name: 0   0   204 155 203 
name: 1   0   20 155 203 
name: 2   0   204 39 203 
name: 3   0   204 155 21 
name: 0   1   21 39 40 
name: 0   0   205 206 204 
name: 1   0   21 206 204 
name: 2   0   205 39 204 
name: 3   0   205 206 40 
name: 0   1   21 40 22 
name: 0   0   207 158 206 
name: 1   0   21 158 206 
name: 2   0   207 40 206 
name: 3   0   207 158 22 
name: 0   1   22 40 41 
name: 0   0   208 209 207 
name: 1   0   22 209 207 
name: 2   0   208 40 207 
name: 3   0   208 209 41 
name: 0   1   22 41 42 
name: 0   0   210 211 209 
name: 1   0   22 211 209 
name: 2   0   210 41 209 
name: 3   0   210 211 42 
name: 0   1   22 42 23 
name: 0   0   212 160 211 
name: 1   0   22 160 211 
name: 2   0   212 42 211 
name: 3   0   212 160 23 
name: 0   1   23 42 43 
name: 0   0   213 214 212 
name: 1   0   23 214 212 
name: 2   0   213 42 212 
name: 3   0   213 214 43 
name: 0   1   23 43 24 
name: 0   0   215 163 214 
name: 1   0   23 163 214 
name: 2   0   215 43 214 
name: 3   0   215 163 24 
name: 0   1   24 43 44 
name: 0   0   216 217 215 
name: 1   0   24 217 215 
name: 2   0   216 43 215 
name: 3   0   216 217 44 
name: 0   1   24 44 25 
name: 0   0   218 165 217 
name: 1   0   24 165 217 
name: 2   0   218 44 217 
name: 3   0   218 165 25 
name: 0   1   25 44 45 
name: 0   0   219 220 218 
name: 1   0   25 220 218 
name: 2   0   219 44 218 
name: 3   0   219 220 45 
name: 0   1   25 45 26 
name: 0   0   221 168 220 
name: 1   0   25 168 220 
name: 2   0   221 45 220 
name: 3   0   221 168 26 
name: 0   1   26 45 27 
name: 0   0   222 172 221 
name: 1   0   26 172 221 
name: 2   0   222 45 221 
name: 3   0   222 172 27 
name: 0   1   27 45 46 
name: 0   0   223 224 222 
name: 1   0   27 224 222 
name: 2   0   223 45 222 
name: 3   0   223 224 46 
name: 0   1   27 46 47 
name: 0   0   225 226 224 
name: 1   0   27 226 224 
name: 2   0   225 46 224 
name: 3   0   225 226 47 
name: 0   1   27 47 28 
name: 0   0   227 174 226 
name: 1   0   27 174 226 
name: 2   0   227 47 226 
name: 3   0   227 174 28 
name: 0   1   28 47 29 
name: 0   0   228 177 227 
name: 1   0   28 177 227 
name: 2   0   228 47 227 
name: 3   0   228 177 29 
name: 0   1   29 47 48 
name: 0   0   229 230 228 
name: 1   0   29 230 228 
name: 2   0   229 47 228 
name: 3   0   229 230 48 
name: 0   1   29 48 30 
name: 0   0   231 179 230 
name: 1   0   29 179 230 
name: 2   0   231 48 230 
name: 3   0   231 179 30 
name: 0   1   30 48 34 
name: 0   0   232 233 231 
name: 1   0   30 233 231 
name: 2   0   232 48 231 
name: 3   0   232 233 34 
name: 0   1   30 34 31 
name: 0   0   234 181 233 
name: 1   0   30 181 233 
name: 2   0   234 34 233 
name: 3   0   234 181 31 
name: 0   1   31 34 32 
name: 0   0   235 183 234 
name: 1   0   31 183 234 
name: 2   0   235 34 234 
name: 3   0   235 183 32 
name: 0   1   32 34 33 
name: 0   0   189 186 235 
name: 1   0   32 186 235 
name: 2   0   189 34 235 
name: 3   0   189 186 33 
name: 0   1   34 48 49 
name: 0   0   236 237 232 
name: 1   0   34 237 232 
name: 2   0   236 48 232 
name: 3   0   236 237 49 
name: 0   1   34 49 50 
name: 0   0   238 239 237 
name: 1   0   34 239 237 
name: 2   0   238 49 237 
name: 3   0   238 239 50 
name: 0   1   34 50 51 
name: 0   0   240 241 239 
name: 1   0   34 241 239 
name: 2   0   240 50 239 
name: 3   0   240 241 51 
name: 0   1   34 51 35 
name: 0   0   242 191 241 
name: 1   0   34 191 241 
name: 2   0   242 51 241 
name: 3   0   242 191 35 
name: 0   1   35 51 37 
name: 0   0   243 244 242 
name: 1   0   35 244 242 
name: 2   0   243 51 242 
name: 3   0   243 244 37 
name: 0   1   35 37 36 
name: 0   0   196 194 244 
name: 1   0   35 194 244 
name: 2   0   196 37 244 
name: 3   0   196 194 36 
name: 0   1   37 51 52 
name: 0   0   245 246 243 
name: 1   0   37 246 243 
name: 2   0   245 51 243 
name: 3   0   245 246 52 
name: 0   1   37 52 39 
name: 0   0   247 248 246 
name: 1   0   37 248 246 
name: 2   0   247 52 246 
name: 3   0   247 248 39 
name: 0   1   37 39 38 
name: 0   0   202 198 248 
name: 1   0   37 198 248 
name: 2   0   202 39 248 
name: 3   0   202 198 38 
name: 0   1   39 52 53 
name: 0   0   249 250 247 
name: 1   0   39 250 247 
name: 2   0   249 52 247 
name: 3   0   249 250 53 
name: 0   1   39 53 40 
name: 0   0   251 205 250 
name: 1   0   39 205 250 
name: 2   0   251 53 250 
name: 3   0   251 205 40 
name: 0   1   40 53 54 
name: 0   0   252 253 251 
name: 1   0   40 253 251 
name: 2   0   252 53 251 
name: 3   0   252 253 54 
name: 0   1   40 54 41 
name: 0   0   254 208 253 
name: 1   0   40 208 253 
name: 2   0   254 54 253 
name: 3   0   254 208 41 
name: 0   1   41 54 55 
name: 0   0   255 256 254 
name: 1   0   41 256 254 
name: 2   0   255 54 254 
name: 3   0   255 256 55 
name: 0   1   41 55 56 
name: 0   0   257 258 256 
name: 1   0   41 258 256 
name: 2   0   257 55 256 
name: 3   0   257 258 56 
name: 0   1   41 56 57 
name: 0   0   259 260 258 
name: 1   0   41 260 258 
name: 2   0   259 56 258 
name: 3   0   259 260 57 
name: 0   1   41 57 42 
name: 0   0   261 210 260 
name: 1   0   41 210 260 
name: 2   0   261 57 260 
name: 3   0   261 210 42 
name: 0   1   42 57 58 
name: 0   0   262 263 261 
name: 1   0   42 263 261 
name: 2   0   262 57 261 
name: 3   0   262 263 58 
name: 0   1   42 58 43 
name: 0   0   264 213 263 
name: 1   0   42 213 263 
name: 2   0   264 58 263 
name: 3   0   264 213 43 
name: 0   1   43 58 59 
name: 0   0   265 266 264 
name: 1   0   43 266 264 
name: 2   0   265 58 264 
name: 3   0   265 266 59 
name: 0   1   43 59 60 
name: 0   0   267 268 266 
name: 1   0   43 268 266 
name: 2   0   267 59 266 
name: 3   0   267 268 60 
name: 0   1   43 60 44 
name: 0   0   269 216 268 
name: 1   0   43 216 268 
name: 2   0   269 60 268 
name: 3   0   269 216 44 
name: 0   1   44 60 61 
name: 0   0   270 271 269 
name: 1   0   44 271 269 
name: 2   0   270 60 269 
name: 3   0   270 271 61 
name: 0   1   44 61 45 
name: 0   0   272 219 271 
name: 1   0   44 219 271 
name: 2   0   272 61 271 
name: 3   0   272 219 45 
name: 0   1   45 61 46 
name: 0   0   273 223 272 
name: 1   0   45 223 272 
name: 2   0   273 61 272 
name: 3   0   273 223 46 
name: 0   1   46 61 62 
name: 0   0   274 275 273 
name: 1   0   46 275 273 
name: 2   0   274 61 273 
name: 3   0   274 275 62 
name: 0   1   46 62 47 
name: 0   0   276 225 275 
name: 1   0   46 225 275 
name: 2   0   276 62 275 
name: 3   0   276 225 47 
name: 0   1   47 62 63 
name: 0   0   277 278 276 
name: 1   0   47 278 276 
name: 2   0   277 62 276 
name: 3   0   277 278 63 
name: 0   1   47 63 64 
name: 0   0   279 280 278 
name: 1   0   47 280 278 
name: 2   0   279 63 278 
name: 3   0   279 280 64 
name: 0   1   47 64 48 
name: 0   0   281 229 280 
name: 1   0   47 229 280 
name: 2   0   281 64 280 
name: 3   0   281 229 48 
name: 0   1   48 64 49 
name: 0   0   282 236 281 
name: 1   0   48 236 281 
name: 2   0   282 64 281 
name: 3   0   282 236 49 
name: 0   1   49 64 65 
name: 0   0   283 284 282 
name: 1   0   49 284 282 
name: 2   0   283 64 282 
name: 3   0   283 284 65 
name: 0   1   49 65 50 
name: 0   0   285 238 284 
name: 1   0   49 238 284 
name: 2   0   285 65 284 
name: 3   0   285 238 50 
name: 0   1   50 65 54 
name: 0   0   286 287 285 
name: 1   0   50 287 285 
name: 2   0   286 65 285 
name: 3   0   286 287 54 
name: 0   1   50 54 52 
name: 0   0   288 289 287 
name: 1   0   50 289 287 
name: 2   0   288 54 287 
name: 3   0   288 289 52 
name: 0   1   50 52 51 
name: 0   0   245 240 289 
name: 1   0   50 240 289 
name: 2   0   245 52 289 
name: 3   0   245 240 51 
name: 0   1   52 54 53 
name: 0   0   252 249 288 
name: 1   0   52 249 288 
name: 2   0   252 54 288 
name: 3   0   252 249 53 
name: 0   1   54 65 66 
name: 0   0   290 291 286 
name: 1   0   54 291 286 
name: 2   0   290 65 286 
name: 3   0   290 291 66 
name: 0   1   54 66 55 
name: 0   0   292 255 291 
name: 1   0   54 255 291 
name: 2   0   292 66 291 
name: 3   0   292 255 55 
name: 0   1   55 66 67 
name: 0   0   293 294 292 
name: 1   0   55 294 292 
name: 2   0   293 66 292 
name: 3   0   293 294 67 
name: 0   1   55 67 68 
name: 0   0   295 296 294 
name: 1   0   55 296 294 
name: 2   0   295 67 294 
name: 3   0   295 296 68 
name: 0   1   55 68 69 
name: 0   0   297 298 296 
name: 1   0   55 298 296 
name: 2   0   297 68 296 
name: 3   0   297 298 69 
name: 0   1   55 69 70 
name: 0   0   299 300 298 
name: 1   0   55 300 298 
name: 2   0   299 69 298 
name: 3   0   299 300 70 
name: 0   1   55 70 56 
name: 0   0   301 257 300 
name: 1   0   55 257 300 
name: 2   0   301 70 300 
name: 3   0   301 257 56 
name: 0   1   56 70 57 
name: 0   0   302 259 301 
name: 1   0   56 259 301 
name: 2   0   302 70 301 
name: 3   0   302 259 57 
name: 0   1   57 70 59 
name: 0   0   303 304 302 
name: 1   0   57 304 302 
name: 2   0   303 70 302 
name: 3   0   303 304 59 
name: 0   1   57 59 58 
name: 0   0   265 262 304 
name: 1   0   57 262 304 
name: 2   0   265 59 304 
name: 3   0   265 262 58 
name: 0   1   59 70 71 
name: 0   0   305 306 303 
name: 1   0   59 306 303 
name: 2   0   305 70 303 
name: 3   0   305 306 71 
name: 0   1   59 71 72 
name: 0   0   307 308 306 
name: 1   0   59 308 306 
name: 2   0   307 71 306 
name: 3   0   307 308 72 
name: 0   1   59 72 60 
name: 0   0   309 267 308 
name: 1   0   59 267 308 
name: 2   0   309 72 308 
name: 3   0   309 267 60 
name: 0   1   60 72 73 
name: 0   0   310 311 309 
name: 1   0   60 311 309 
name: 2   0   310 72 309 
name: 3   0   310 311 73 
name: 0   1   60 73 61 
name: 0   0   312 270 311 
name: 1   0   60 270 311 
name: 2   0   312 73 311 
name: 3   0   312 270 61 
name: 0   1   61 73 62 
name: 0   0   313 274 312 
name: 1   0   61 274 312 
name: 2   0   313 73 312 
name: 3   0   313 274 62 
name: 0   1   62 73 74 
name: 0   0   314 315 313 
name: 1   0   62 315 313 
name: 2   0   314 73 313 
name: 3   0   314 315 74 
name: 0   1   62 74 63 
name: 0   0   316 277 315 
name: 1   0   62 277 315 
name: 2   0   316 74 315 
name: 3   0   316 277 63 
name: 0   1   63 74 75 
name: 0   0   317 318 316 
name: 1   0   63 318 316 
name: 2   0   317 74 316 
name: 3   0   317 318 75 
name: 0   1   63 75 76 
name: 0   0   319 320 318 
name: 1   0   63 320 318 
name: 2   0   319 75 318 
name: 3   0   319 320 76 
name: 0   1   63 76 64 
name: 0   0   321 279 320 
name: 1   0   63 279 320 
name: 2   0   321 76 320 
name: 3   0   321 279 64 
name: 0   1   64 76 77 
name: 0   0   322 323 321 
name: 1   0   64 323 321 
name: 2   0   322 76 321 
name: 3   0   322 323 77 
name: 0   1   64 77 65 
name: 0   0   324 283 323 
name: 1   0   64 283 323 
name: 2   0   324 77 323 
name: 3   0   324 283 65 
name: 0   1   65 77 78 
name: 0   0   325 326 324 
name: 1   0   65 326 324 
name: 2   0   325 77 324 
name: 3   0   325 326 78 
name: 0   1   65 78 66 
name: 0   0   327 290 326 
name: 1   0   65 290 326 
name: 2   0   327 78 326 
name: 3   0   327 290 66 
name: 0   1   66 78 67 
name: 0   0   328 293 327 
name: 1   0   66 293 327 
name: 2   0   328 78 327 
name: 3   0   328 293 67 
name: 0   1   67 78 68 
name: 0   0   329 295 328 
name: 1   0   67 295 328 
name: 2   0   329 78 328 
name: 3   0   329 295 68 
name: 0   1   68 78 77 
name: 0   0   325 330 329 
name: 1   0   68 330 329 
name: 2   0   325 78 329 
name: 3   0   325 330 77 
name: 0   1   68 77 76 
name: 0   0   322 331 330 
name: 1   0   68 331 330 
name: 2   0   322 77 330 
name: 3   0   322 331 76 
name: 0   1   68 76 75 
name: 0   0   319 332 331 
name: 1   0   68 332 331 
name: 2   0   319 76 331 
name: 3   0   319 332 75 
name: 0   1   68 75 79 
name: 0   0   333 334 332 
name: 1   0   68 334 332 
name: 2   0   333 75 332 
name: 3   0   333 334 79 
name: 0   1   68 79 69 
name: 0   0   335 297 334 
name: 1   0   68 297 334 
name: 2   0   335 79 334 
name: 3   0   335 297 69 
name: 0   1   69 79 80 
name: 0   0   336 337 335 
name: 1   0   69 337 335 
name: 2   0   336 79 335 
name: 3   0   336 337 80 
name: 0   1   69 80 81 
name: 0   0   338 339 337 
name: 1   0   69 339 337 
name: 2   0   338 80 337 
name: 3   0   338 339 81 
name: 0   1   69 81 82 
name: 0   0   340 341 339 
name: 1   0   69 341 339 
name: 2   0   340 81 339 
name: 3   0   340 341 82 
name: 0   1   69 82 83 
name: 0   0   342 343 341 
name: 1   0   69 343 341 
name: 2   0   342 82 341 
name: 3   0   342 343 83 
name: 0   1   69 83 70 
name: 0   0   344 299 343 
name: 1   0   69 299 343 
name: 2   0   344 83 343 
name: 3   0   344 299 70 
name: 0   1   70 83 71 
name: 0   0   345 305 344 
name: 1   0   70 305 344 
name: 2   0   345 83 344 
name: 3   0   345 305 71 
name: 0   1   71 83 84 
name: 0   0   346 347 345 
name: 1   0   71 347 345 
name: 2   0   346 83 345 
name: 3   0   346 347 84 
name: 0   1   71 84 85 
name: 0   0   348 349 347 
name: 1   0   71 349 347 
name: 2   0   348 84 347 
name: 3   0   348 349 85 
name: 0   1   71 85 86 
name: 0   0   350 351 349 
name: 1   0   71 351 349 
name: 2   0   350 85 349 
name: 3   0   350 351 86 
name: 0   1   71 86 72 
name: 0   0   352 307 351 
name: 1   0   71 307 351 
name: 2   0   352 86 351 
name: 3   0   352 307 72 
name: 0   1   72 86 87 
name: 0   0   353 354 352 
name: 1   0   72 354 352 
name: 2   0   353 86 352 
name: 3   0   353 354 87 
name: 0   1   72 87 73 
name: 0   0   355 310 354 
name: 1   0   72 310 354 
name: 2   0   355 87 354 
name: 3   0   355 310 73 
name: 0   1   73 87 88 
name: 0   0   356 357 355 
name: 1   0   73 357 355 
name: 2   0   356 87 355 
name: 3   0   356 357 88 
name: 0   1   73 88 74 
name: 0   0   358 314 357 
name: 1   0   73 314 357 
name: 2   0   358 88 357 
name: 3   0   358 314 74 
name: 0   1   74 88 75 
name: 0   0   359 317 358 
name: 1   0   74 317 358 
name: 2   0   359 88 358 
name: 3   0   359 317 75 
name: 0   1   75 88 89 
name: 0   0   360 361 359 
name: 1   0   75 361 359 
name: 2   0   360 88 359 
name: 3   0   360 361 89 
name: 0   1   75 89 79 
name: 0   0   362 333 361 
name: 1   0   75 333 361 
name: 2   0   362 89 361 
name: 3   0   362 333 79 
name: 0   1   79 89 90 
name: 0   0   363 364 362 
name: 1   0   79 364 362 
name: 2   0   363 89 362 
name: 3   0   363 364 90 
name: 0   1   79 90 80 
name: 0   0   365 336 364 
name: 1   0   79 336 364 
name: 2   0   365 90 364 
name: 3   0   365 336 80 
name: 0   1   80 90 81 
name: 0   0   366 338 365 
name: 1   0   80 338 365 
name: 2   0   366 90 365 
name: 3   0   366 338 81 
name: 0   1   81 90 91 
name: 0   0   367 368 366 
name: 1   0   81 368 366 
name: 2   0   367 90 366 
name: 3   0   367 368 91 
name: 0   1   81 91 82 
name: 0   0   369 340 368 
name: 1   0   81 340 368 
name: 2   0   369 91 368 
name: 3   0   369 340 82 
name: 0   1   82 91 92 
name: 0   0   370 371 369 
name: 1   0   82 371 369 
name: 2   0   370 91 369 
name: 3   0   370 371 92 
name: 0   1   82 92 84 
name: 0   0   372 373 371 
name: 1   0   82 373 371 
name: 2   0   372 92 371 
name: 3   0   372 373 84 
name: 0   1   82 84 83 
name: 0   0   346 342 373 
name: 1   0   82 342 373 
name: 2   0   346 84 373 
name: 3   0   346 342 83 
name: 0   1   84 92 85 
name: 0   0   374 348 372 
name: 1   0   84 348 372 
name: 2   0   374 92 372 
name: 3   0   374 348 85 
name: 0   1   85 92 93 
name: 0   0   375 376 374 
name: 1   0   85 376 374 
name: 2   0   375 92 374 
name: 3   0   375 376 93 
name: 0   1   85 93 94 
name: 0   0   377 378 376 
name: 1   0   85 378 376 
name: 2   0   377 93 376 
name: 3   0   377 378 94 
name: 0   1   85 94 95 
name: 0   0   379 380 378 
name: 1   0   85 380 378 
name: 2   0   379 94 378 
name: 3   0   379 380 95 
name: 0   1   85 95 86 
name: 0   0   381 350 380 
name: 1   0   85 350 380 
name: 2   0   381 95 380 
name: 3   0   381 350 86 
name: 0   1   86 95 96 
name: 0   0   382 383 381 
name: 1   0   86 383 381 
name: 2   0   382 95 381 
name: 3   0   382 383 96 
name: 0   1   86 96 89 
name: 0   0   384 385 383 
name: 1   0   86 385 383 
name: 2   0   384 96 383 
name: 3   0   384 385 89 
name: 0   1   86 89 87 
name: 0   0   386 353 385 
name: 1   0   86 353 385 
name: 2   0   386 89 385 
name: 3   0   386 353 87 
name: 0   1   87 89 88 
name: 0   0   360 356 386 
name: 1   0   87 356 386 
name: 2   0   360 89 386 
name: 3   0   360 356 88 
name: 0   1   89 96 97 
name: 0   0   387 388 384 
name: 1   0   89 388 384 
name: 2   0   387 96 384 
name: 3   0   387 388 97 
name: 0   1   89 97 90 
name: 0   0   389 363 388 
name: 1   0   89 363 388 
name: 2   0   389 97 388 
name: 3   0   389 363 90 
name: 0   1   90 97 91 
name: 0   0   390 367 389 
name: 1   0   90 367 389 
name: 2   0   390 97 389 
name: 3   0   390 367 91 
name: 0   1   91 97 98 
name: 0   0   391 392 390 
name: 1   0   91 392 390 
name: 2   0   391 97 390 
name: 3   0   391 392 98 
name: 0   1   91 98 99 
name: 0   0   393 394 392 
name: 1   0   91 394 392 
name: 2   0   393 98 392 
name: 3   0   393 394 99 
name: 0   1   91 99 92 
name: 0   0   395 370 394 
name: 1   0   91 370 394 
name: 2   0   395 99 394 
name: 3   0   395 370 92 
name: 0   1   92 99 100 
name: 0   0   396 397 395 
name: 1   0   92 397 395 
name: 2   0   396 99 395 
name: 3   0   396 397 100 
name: 0   1   92 100 93 
name: 0   0   398 375 397 
name: 1   0   92 375 397 
name: 2   0   398 100 397 
name: 3   0   398 375 93 
name: 0   1   93 100 101 
name: 0   0   399 400 398 
name: 1   0   93 400 398 
name: 2   0   399 100 398 
name: 3   0   399 400 101 
name: 0   1   93 101 94 
name: 0   0   401 377 400 
name: 1   0   93 377 400 
name: 2   0   401 101 400 
name: 3   0   401 377 94 
name: 0   1   94 101 102 
name: 0   0   402 403 401 
name: 1   0   94 403 401 
name: 2   0   402 101 401 
name: 3   0   402 403 102 
name: 0   1   94 102 96 
name: 0   0   404 405 403 
name: 1   0   94 405 403 
name: 2   0   404 102 403 
name: 3   0   404 405 96 
name: 0   1   94 96 95 
name: 0   0   382 379 405 
name: 1   0   94 379 405 
name: 2   0   382 96 405 
name: 3   0   382 379 95 
name: 0   1   96 102 103 
name: 0   0   406 407 404 
name: 1   0   96 407 404 
name: 2   0   406 102 404 
name: 3   0   406 407 103 
name: 0   1   96 103 97 
name: 0   0   408 387 407 
name: 1   0   96 387 407 
name: 2   0   408 103 407 
name: 3   0   408 387 97 
name: 0   1   97 103 98 
name: 0   0   409 391 408 
name: 1   0   97 391 408 
name: 2   0   409 103 408 
name: 3   0   409 391 98 
name: 0   1   98 103 104 
name: 0   0   410 411 409 
name: 1   0   98 411 409 
name: 2   0   410 103 409 
name: 3   0   410 411 104 
name: 0   1   98 104 99 
name: 0   0   412 393 411 
name: 1   0   98 393 411 
name: 2   0   412 104 411 
name: 3   0   412 393 99 
name: 0   1   99 104 100 
name: 0   0   413 396 412 
name: 1   0   99 396 412 
name: 2   0   413 104 412 
name: 3   0   413 396 100 
name: 0   1   100 104 105 
name: 0   0   414 415 413 
name: 1   0   100 415 413 
name: 2   0   414 104 413 
name: 3   0   414 415 105 
name: 0   1   100 105 106 
name: 0   0   416 417 415 
name: 1   0   100 417 415 
name: 2   0   416 105 415 
name: 3   0   416 417 106 
name: 0   1   100 106 101 
name: 0   0   418 399 417 
name: 1   0   100 399 417 
name: 2   0   418 106 417 
name: 3   0   418 399 101 
name: 0   1   101 106 102 
name: 0   0   419 402 418 
name: 1   0   101 402 418 
name: 2   0   419 106 418 
name: 3   0   419 402 102 
name: 0   1   102 106 105 
name: 0   0   416 420 419 
name: 1   0   102 420 419 
name: 2   0   416 106 419 
name: 3   0   416 420 105 
name: 0   1   102 105 103 
name: 0   0   421 406 420 
name: 1   0   102 406 420 
name: 2   0   421 105 420 
name: 3   0   421 406 103 
name: 0   1   103 105 104 
name: 0   0   414 410 421 
name: 1   0   103 410 421 
name: 2   0   414 105 421 
name: 3   0   414 410 104 
end
